
1 995 true - Home General Shop - 1931 30 1935 10 1735 10 1925 30 1923 10 1887 10 590 10 1755 10 2347 10 550 10 9003 10 8007 300 8008 1 8009 1000 8011 1000 8010 1000 362 10000 380 10000 1540 1000 


2 995 false - Home Fishing Supplies - 303 10 305 10 307 10 309 10 301 10 311 10 13431 10 313 1000 314 1000 317 1 327 1 345 1 321 1 335 1 349 1 331 1 13435 1 377 1 371 1 383 1 


3 995 false - Home Weapon Shop - 1323 100 1325 100 1327 100 1329 100 1329 100 1331 100 1333 100 1215 100 1231 100 5680 100 5698 100 1434 100 4587 100 1377 100 1305 100 


4 995 false - Home Range Shop - 884 10000 886 10000 888 10000 890 10000 892 10000 841 500 853 500 857 500 861 500 863 100000 865 100000 866 100000 867 100000 868 100000 9177 300 9179 300 9181 300 9183 300 9185 300 9140 10000 9141 10000 9142 10000 9143 10000 2491 1000 2497 1000 2503 1000 


5 995 false - Home Fine Clothes - 1005 10 1129 10 1059 10 1061 10 1013 10 1015 10 1011 10 1007 10 950 10 426 10 428 10 


6 995 false - Home Farming Supplies - 5318 10 5319 10 5324 10 5322 1 5320 1 5323 1 5321 1 5096 10 5097 10 5305 10 5306 10 5307 10 5308 10 5309 10 5310 10 5311 10 


7 995 false - Home Toy Shop - 2520 10 2522 10 2524 10 2526 10 4613 10 12844 10 20179 10 20180 100 3006 150 20722 400 20716 10 20718 10 20725 10 20714 10 


8 995 false - Home Herblore Shop - 116 100 134 100 122 100 158 500 164 500 146 500 6686 1000 3024 1000 140 750 15332 5 23207 10 23196 10 23231 10 228 10000 15328 50 228 10000 12174 1000 249 1000 257 1000 17494 221 1000 226 


9 995 false - Home Magic Shop - 554 1000 555 1000 556 300 557 1000 558 1000 559 1000 562 1000 560 1000 9075 1000 565 1000 566 1000 1379 1000 1389 1000 1381 1000 1383 1000 1385 1000 1387 1000 4675 1000 4091 10 4093 100 4101 100 4113 100 1438 10 1440 10 1442 10 1444 10 1446 10 1448 10 1452 10 1456 10 1458 1460 10 1462 10 7937 10000 1437 


10 995 false - Home WC/Mining Shop - 1349 10 1351 10 1353 10 1355 10 1357 10 1359 10 1265 10 1267 10 1269 10 1271 10 1273 10 1275 10 15259 5 


11 995 false - Home Armour Shop - 1713 100 1726 30 1732 15 2551 100 1155 1000 1117 1000 1075 1000 1157 1000 1119 1000 1069 1000 1165 1000 1125 1000 1077 1000 1159 1000 1121 1000 1071 1000 1161 1000 1123 1000 1073 1000 1163 1000 1127 1000 1079 1000 1149 1000 3140 1000 4585 1000 4587 500 1215 100 1305 100 4153 5000 10828 100 5751 100 

