1 995 true - Home General Shop - 19005 1000 19065 1000 18937 1000 1931 30 1935 10 1735 10 1925 30 1923 10 1887 10 590 10 1755 10 2347 10 550 10 9003 10 1712 100 1725 100 362 10000 380 10000 1540 1000

2 995 false - Home Fishing Supplies - 303 10 305 10 307 10 309 10 301 10 311 10 13431 10 313 1000 314 1000 317 1 327 1 345 1 321 1 335 1 349 1 331 1 13435 1 377 1 371 1 383 1

3 995 false - Home Weapon Shop - 1323 100 1325 100 1327 100 1329 100 1329 100 1331 100 1333 100 1215 100 1231 100 5680 100 5698 100 1434 100 4587 100 1377 100 1305 100

4 995 false - Home Range Shop - 884 10000 890 10000 892 10000 841 500 853 500 861 500 863 100000 866 100000 867 100000 868 100000 9177 300 9181 300 9183 300 9185 300 9140 10000 9142 10000 9143 10000 1063 100 1095 100 1129 100 1131 100 1135 100 1065 100 1099 100 2487 100 2493 100 2499 100 2491 1000 2497 1000 2503 1000

5 995 false - Home Fine Clothes - 1059 100 1061 100 1015 100 581 100 1011 100 577 100 579 100 1007 10 426 100 428 100 626 100 628 100 630 100 632 100 634 100 636 100 638 100 642 100 644 100 646 100 648 100 652 100 654 100 656 100 658 100 662 100 664 100

6 995 false - Home Farming Supplies - 952 100 5341 100 676 100 5329 100 7409 100 5340 100 5343 100 5350 100 5318 10000 5319 10000 5320 10000 5321 10000 5322 10000 5323 10000 5324 10000 5291 10000 5292 10000 5293 10000 5294 10000 5295 10000 5296 10000 5297 10000 5298 10000 5299 10000 5300 10000 5301 10000 5302 10000 5303 10000 5304 10000

7 995 false - Home Toy Shop - 2520 10 2522 10 2524 10 2526 10 4613 10 12844 10 20179 10 20180 100 3006 150 20722 400 20716 10 20718 10 20725 10 20714 10 

8 995 false - Home Herblore Shop - 229 100000 233 100 232 10000 236 10000 240 10000 242 10000 246 10000 248 10000 250 10000 252 10000 254 10000 256 10000 258 10000 260 10000 262 10000 264 10000 266 10000 268 10000 270 10000

9 995 false - Home Magic Shop - 554 10000 555 10000 556 10000 557 10000 558 10000 559 10000 562 10000 560 10000 563 10000 9075 10000 565 10000 566 10000 561 10000 1381 1000 1383 1000 1385 1000 1387 1000 4675 1000 4091 10 4093 100 4101 100 4103 100 4111 100 4113 100 7937 100000 8007 1000 8008 1000 8009 1000 8011 1000 8010 1000

10 995 false - Home WC/Mining Shop - 1351 100 1349 100 1353 100 1355 100 1357 100 1359 100 1265 100 1267 100 1269 100 1271 100 1273 100 1275 100 

11 995 false - Home Armour Shop - 2550 100 1155 1000 1117 1000 1075 1000 1159 1000 1121 1000 1071 1000 1161 1000 1123 1000 1073 1000 1163 1000 1127 1000 1079 1000 10828 100 3751 100 3753 100 3755 100 3749 100 1189 100 1191 100 1197 100 1199 100 1201 100 9672 1000 9674 1000 9676 1000 9678 1000 5611 1000 5612 1000 5613 1000

12 12852 false - Home Token Shop - 8845 1000 8848 1000 8849 1000 8850 1000 20072 1000 7459 1000 7460 1000 7462 1000 10551 1000 10548 1000 10555 1000 6585 1000 6731 1000 6733 1000 6735 1000 6737 1000